1 1 1 1 1 1 1 1 1
1 0 0 0 0 0 0 0 0
1 0 1 1 1 0 1 1 0
1 0 1 0 1 0 1 0 0
1 0 1 0 1 0 1 0 0
1 0 1 0 0 0 1 0 0
1 0 1 1 1 0 1 1 0
1 0 0 0 1 0 0 0 0
1 0 1 1 1 1 1 1 1
0.9 -0.9  // Coordenadas da saída

1 1 1 1 1 1 1 1 1
1 0 0 0 0 0 0 0 0
1 0 1 1 0 0 1 1 0
1 0 1 0 0 0 1 0 0
1 0 1 0 1 1 1 0 0
1 0 1 0 0 0 1 0 0
1 0 1 1 1 0 1 1 0
1 0 0 0 0 0 0 0 0
1 0 1 1 1 1 1 1 1
-0.8 -0.8  // Coordenadas da saída

1 1 1 1 1 1 1 1 1
1 0 1 1 0 0 1 0 0
1 0 1 0 0 0 1 0 0
1 0 1 0 1 1 1 1 0
1 0 0 0 0 0 0 0 0
1 1 1 1 0 1 1 1 0
1 0 0 0 0 0 0 1 0
1 0 1 1 1 1 0 1 0
1 1 1 1 1 1 1 1 1
-0.6 -0.6  // Coordenadas da saída
